final fundamental matrix
[-7.27223736865794e-08, 5.634126924154259e-07, -0.0003549513484386035;
  1.501109768087087e-06, -7.512177097895612e-08, 0.003765416574200819;
  -0.0002616872414935439, -0.005361070731325746, 1]

final fundamental matrix
[-4.797174536658546e-08, 1.123721700704456e-06, -0.0005918817761707225;
  9.022235457518921e-07, -1.183983458497076e-08, 0.004194325642342721;
  -0.0001750514998236342, -0.005520170480515101, 1]

432
432
final fundamental matrix
[-4.797174536658546e-08, 1.123721700704456e-06, -0.0005918817761707225;
  9.022235457518921e-07, -1.183983458497076e-08, 0.004194325642342721;
  -0.0001750514998236342, -0.005520170480515101, 1]

432
432
